3,2
3,1
3,3
10,78
10,232
10,129
10,141
10,112
10,142
10,151
10,2
9,7
9,6
9,4
8,18
8,8
8,7
8,17
70,5
70,4
70,3
70,2
70,1
70,0
51,3
51,1
43,3
43,1
37,3
37,1
12,3
12,2
12,1
11,30
11,29
20,2
20,1
11,28
20,3
11,27
11,26
11,25
11,24
11,23
11,22
11,21
11,20
11,19
11,18
11,17
11,16
11,15
11,14
11,13
11,12
11,11
11,10
11,9
11,8
11,7
11,6
11,5
11,4
11,3
11,2
11,1
10,315
10,314
10,312
10,304
19,2
19,1
19,3
10,303
10,298
10,295
10,290
10,283
10,282
10,281
10,279
10,277
10,276
10,272
10,271
10,268
10,267
10,265
10,263
10,261
10,257
10,256
10,252
10,251
10,243
10,241
10,240
10,236
10,235
10,228
10,227
10,226
10,224
10,223
10,221
10,218
10,215
10,214
10,212
10,211
10,208
10,205
10,204
10,199
10,198
10,197
10,152
10,148
10,136
10,121
